      0/49     3.27G   0.06914   0.02275   0.01659    0.1085         2       640    0.7697   0.09774    0.0693   0.01629   0.08906   0.04434   0.01469
      1/49     3.31G   0.05741   0.01833   0.01141   0.08716        24       640    0.8666    0.1308    0.1393   0.04003    0.0896   0.03631   0.01363
      2/49     3.31G    0.0583   0.01372   0.01087   0.08289        13       640    0.8508    0.1058    0.1085   0.03437    0.1007   0.03486   0.01573
      3/49     3.31G   0.05598   0.01535   0.01078   0.08211         1       640    0.8446     0.132    0.1333   0.04685   0.08551   0.04228   0.01199
      4/49     3.31G   0.05116   0.01751   0.01025   0.07892        14       640    0.9121    0.2241      0.25    0.1188   0.07437   0.04218   0.01166
      5/49     3.31G   0.04449    0.0159  0.008958   0.06935        19       640    0.9231    0.2435    0.2902    0.1485   0.07316   0.03831   0.01117
      6/49     3.31G    0.0408   0.01533  0.008615   0.06475        20       640    0.7536    0.3684    0.3893    0.2162    0.0682   0.03801   0.01077
      7/49     3.31G   0.03667   0.01424  0.007498   0.05841        36       640    0.7198    0.4126    0.4153    0.2483   0.06308   0.03853   0.01051
      8/49     3.31G   0.03662   0.01412  0.006851    0.0576         6       640    0.8083    0.3884    0.4388    0.2519   0.05953   0.03902  0.009749
      9/49     3.31G   0.03379   0.01384  0.006159   0.05379        15       640    0.8309    0.3825    0.4485    0.2643   0.05554   0.04095   0.01018
     10/49     3.31G   0.03244   0.01287  0.005771   0.05108        28       640     0.855    0.4441    0.4885    0.2954    0.0549   0.04085  0.008721
     11/49     3.31G   0.03098   0.01226  0.005757     0.049         1       640    0.8313    0.4808    0.5204    0.3311   0.05232   0.04014  0.008881
     12/49     3.31G   0.03097   0.01267   0.00522   0.04886         2       640    0.8537    0.4461    0.5022    0.3051   0.05211   0.04134  0.008675
     13/49     3.31G   0.02908   0.01194  0.004777    0.0458         3       640    0.8689    0.4828    0.5514    0.3461   0.04775   0.04245  0.008746
     14/49     3.31G   0.02889   0.01211  0.004781   0.04578        11       640    0.8546    0.5027    0.5572    0.3451   0.04681   0.04148   0.00834
     15/49     3.31G   0.02848   0.01226  0.004584   0.04532         2       640    0.8291    0.5194    0.5743    0.3582   0.04693    0.0417  0.008275
     16/49     3.31G   0.02867   0.01199  0.004729   0.04539        10       640    0.8558    0.4669    0.5561     0.362   0.04705   0.04119  0.008049
     17/49     3.31G   0.02774   0.01107  0.004309   0.04312         8       640    0.8493    0.5122    0.5617    0.3613     0.045   0.04153  0.007675
     18/49     3.31G    0.0277   0.01145  0.004482   0.04363         6       640    0.8476    0.4899    0.5562    0.3466   0.04514   0.04242  0.007489
     19/49     3.31G   0.02758   0.01127  0.004569   0.04343        19       640    0.8711    0.5174    0.5853    0.3669   0.04465   0.04164  0.007552
     20/49     3.31G   0.02652   0.01159  0.004225   0.04234        21       640    0.8946    0.4867    0.5999      0.39   0.04253   0.04194  0.007263
     21/49     3.31G   0.02608    0.0108  0.004051   0.04093         6       640    0.9023     0.501    0.6079    0.3866   0.04297   0.04265  0.007381
     22/49     3.31G   0.02582   0.01059  0.004098   0.04051         7       640    0.5706    0.6302    0.6275    0.4081   0.04288   0.04183  0.007301
     23/49     3.31G   0.02574   0.01067  0.004146   0.04055        33       640    0.8569    0.5483    0.6275    0.4043   0.04173   0.04295  0.007095
     24/49     3.31G   0.02591   0.01183  0.003985   0.04173        12       640    0.5287    0.6268     0.614    0.4042   0.04016   0.04283  0.007556
     25/49     3.31G   0.02529   0.01087   0.00348   0.03964         2       640    0.5316    0.6517    0.6271    0.4024      0.04   0.04384  0.006923
     26/49     3.31G    0.0252   0.01082  0.003582    0.0396         1       640    0.5639    0.6258     0.624    0.4086   0.04015    0.0425  0.006709
     27/49     3.31G   0.02441   0.01061   0.00375   0.03877        38       640    0.8895    0.5263    0.6383    0.4162   0.03973   0.04251  0.006829
     28/49     3.31G   0.02404   0.01076   0.00352   0.03832        11       640    0.5489    0.6536    0.6426    0.4234   0.03987   0.04223  0.006332
     29/49     3.31G   0.02407   0.01058  0.003258    0.0379         2       640    0.5041     0.652    0.6181    0.4162   0.03988   0.04312  0.006411
     30/49     3.31G   0.02389   0.01084  0.003332   0.03806        24       640    0.5613    0.6307    0.6381     0.427    0.0398   0.04371  0.006177
     31/49     3.31G   0.02446   0.01059  0.003417   0.03846        11       640    0.5641    0.6687    0.6413    0.4253   0.03974   0.04303  0.006116
     32/49     3.31G    0.0238   0.01054  0.003188   0.03753         6       640     0.589    0.6531    0.6522    0.4342    0.0394   0.04288     0.006
     33/49     3.31G   0.02326    0.0104  0.003121   0.03679         2       640    0.6044    0.6529    0.6478    0.4283   0.03858   0.04372  0.005988
     34/49     3.31G   0.02318   0.01077  0.003368   0.03732        10       640    0.5777    0.6557    0.6417    0.4203   0.03966   0.04361  0.006136
     35/49     3.31G   0.02359   0.01065  0.003274    0.0375         2       640    0.5417    0.6747    0.6492     0.436   0.03832   0.04438  0.006172
     36/49     3.31G   0.02291   0.01026  0.003493   0.03666        10       640    0.5848    0.6689    0.6511    0.4329    0.0387   0.04462  0.005836
     37/49     3.31G   0.02268   0.01006  0.003187   0.03593         3       640    0.5128    0.7903    0.6569    0.4321   0.03884   0.04467   0.00583
     38/49     3.31G   0.02224   0.01067  0.002828   0.03573        18       640    0.6381    0.6318    0.6517    0.4358   0.03843   0.04473  0.005626
     39/49     3.31G   0.02216   0.01004  0.002748   0.03496         8       640    0.5139    0.7498    0.6551    0.4383   0.03788   0.04528  0.005716
     40/49     3.31G   0.02231  0.009674  0.002942   0.03493        23       640    0.6267    0.6329    0.6504    0.4398   0.03761   0.04459  0.005667
     41/49     3.31G   0.02156  0.009191  0.002558   0.03331        21       640    0.6335    0.6534    0.6625    0.4438    0.0371   0.04485  0.005559
     42/49     3.31G   0.02222   0.01008  0.002723   0.03502         5       640    0.6395    0.6545    0.6633     0.449    0.0372   0.04447  0.005604
     43/49     3.31G   0.02184    0.0102  0.002702   0.03474        13       640    0.5123    0.8235     0.673    0.4542   0.03694   0.04504  0.005507
     44/49     3.31G   0.02183   0.01009  0.002776   0.03469         2       640    0.6496    0.6474    0.6723    0.4491   0.03722   0.04505  0.005441
     45/49     3.31G   0.02201  0.009699  0.002713   0.03442         6       640    0.6203    0.6781    0.6854    0.4543   0.03734   0.04438  0.005363
     46/49     3.31G   0.02142   0.00956  0.002815   0.03379         9       640    0.6272    0.7187    0.6924    0.4579   0.03738   0.04446  0.005439
     47/49     3.31G   0.02168   0.01006  0.002538   0.03428         8       640    0.6951    0.6328    0.6818    0.4615   0.03676   0.04453  0.005439
     48/49     3.31G   0.02176  0.009532  0.002745   0.03404         3       640    0.8328    0.6424    0.7047    0.4756   0.03659   0.04481  0.005352
     49/49     3.31G   0.02155   0.01015  0.002536   0.03423         9       640    0.8294    0.6335    0.7059    0.4792   0.03643   0.04472  0.005332
